100726619
1008880003
1013172419
1016148781
1016814813
1017134936
1018476779
102018179
1020205807
1024403714
1029649332
1036918110
1037904265
1043212428
1044186888
1050418661
1051787273
1053794290
1054244922
1055702209
1060423417
1065285673
1073008927
1074162025
1074892180
1077470613
1078075265
1080792712
1090971164
1091097537
1095165512
1099226097
110315543
1112948710
1113554143
1115383905
1116340813
1119009271
1124976987
1131523667
1134111500
1140824046
1143963938
1144176345
1149254288
1157781539
1160126940
1160750066
1161215138
1161768684
1162709189
1170023617
117180130
1174422210
1179625411
1180058469
1180212499
1182538013
118570476
1188827609
1191409858
119762379
1199704524
1202468727
1203307342
121319488
1215821738
122261627
1223090516
1224076671
1224299217
1231345449
1236591067
1238655910
1243859845
1244846000
1251128623
1252999886
1255582135
1257513776
1260334431
126794034
1269435734
1282562030
1284412348
1289089654
1289346314
1290028603
1294800635
1300494761
1306167832
1312583833
1313189266
1315019028
1317172163
1317601690
1320183939
1321151336
1325951006
1332337243
1333746623
1335426694
1335781224
1343599061
1352721794
1356196023
1361117570
1361646983
1366230875
1368710419
136941524
1375979197
1376965352
1379191718
1381773967
138353650
1389357373
1395019149
1400107698
1401492029
1405792003
1408378390
1410249077
1416531700
1430032251
1431018406
1432782133
1435701967
1437455132
1438287184
1441356978
1443363995
1449993122
1450801580
1451787735
1458070358
1465903871
1467644970
1469599468
1470362417
1475262060
148463048
1485524368
1485738994
1488106617
1489663726
1491354083
1499629926
1503123848
1504953610
151045297
1513109567
1517931532
1524617988
1530393751
1532892741
1533533643
1535416347
1538978259
1542368429
1547351244
1549696645
1552278894
1552403281
1561282106
1562151603
1563137758
1569195116
1575652154
1576717350
1578397314
1580979563
1582920932
1583907087
1592038432
1604310672
160662025
1613868922
1617190812
1623473435
1627974565
163103048
1636973986
1637083692
1637960141
1642569591
1642999118
1645228919
1645581367
1657743315
1658729470
1659005439
1661434466
1665012093
167072109
1679598308
1684370340
168598667
1696392540
1698295818
1702153538
1702758971
1704588733
1707171395
1707771506
1709753644
1723316328
172347888
1724112068
1724576347
1725350929
1728279866
1728540835
1730028874
1733168766
1736356345
1739834476
1741228479
1742291499
1743506525
1748974811
1750687275
1751216688
1758950842
1759558764
1760408788
1762889756
1768761423
1769093338
1770079493
1771343672
1778927078
1780027562
1782593889
1785119011
1789292374
1789862667
179007006
1790848822
1798117600
180875164
1810658512
181113063
181352407
1814146971
1814901920
1822351838
1824132547
1826107978
1830415170
1830926683
1839562827
184012679
1843915721
1844901876
184674603
185198918
1852170654
1857214675
1858640562
1859932122
1862419895
1864685050
1865369166
1871953828
1875094073
1877676322
1879233431
189367996
1897809511
1900212560
190165308
1905237553
1906376991
1908959240
1914713241
1919963456
1923974429
192408455
1924986052
192937868
1930031610
1935482570
1936920949
1939266350
1943313554
1947848678
1949062162
1950322398
1950851811
195226262
1954499461
1958764821
1962031348
1967967019
1970549268
1976035073
1977021228
1981608137
1984290006
199402848
1996804402
1997790557
2000319377
2005059335
2007422828
200850878
201882392
2021986961
2028585352
2031074282
2032139296
2032568823
2033932248
2035151072
2037356905
2039197950
2047731130
2048575144
2050673690
2050857456
2059112389
2059567245
2071300349
2071626785
2073940045
2075064271
2078895563
2079270754
209151170
2091723243
2092328676
2094158438
2096741100
210053076
21013135
210482603
2112179288
2112886033
211693712
2119598579
2121654976
2122738471
212635325
2128412253
2129909909
213064852
2131424985
2131861204
2133659130
2136349613
2140256980
2142424305
2144584564
221270625
222651721
22752500
242434895
243421050
250689828
255935446
258569212
26210824
263204224
264073018
264190379
270473002
271459157
272647863
274225353
274654880
277237129
281284007
296091533
301653302
303756727
308434033
311600343
316026102
325512211
326061725
333809300
334414733
336244495
338827157
339272865
345295385
345780915
353973426
354771073
35493160
354972090
358520294
361684636
36479315
364824528
369104444
373947261
375540402
377105029
378642129
383599491
385575254
388054798
394350301
395323576
396309731
400486001
405546494
408824127
410582840
416092905
417079060
423361539
428977744
429593456
43748093
445159807
447742056
449376630
450362785
456645408
462582445
470145959
471132114
473860476
476442725
477414737
478400892
48993711
490296324
494287611
494606439
504041971
506749835
509332084
510687605
510698462
510889193
520901920
529746301
532453946
538032753
540508387
540615002
540943479
552237120
553256126
554731107
55590102
556641814
561712808
56262489
568576711
570922112
571747660
57248644
573582384
58172351
581978160
582482137
582507573
582854188
584833617
590420583
594996533
596061729
599622781
600052308
602205030
602265311
602634557
603251466
610217963
613300686
615086670
615765862
623034640
624020795
63531267
636535191
64437895
64517422
646422368
648570438
653642723
656318365
657304520
662217568
663115606
663587143
664224585
670853712
677087694
678073849
680082226
685342627
688505560
691223007
705125801
705595807
709561472
717640197
720880184
723379005
723984438
725814200
73012740
732561659
744541795
746157419
747885214
751254341
754394233
759178855
768211834
768654543
770557235
770932658
771473608
773139484
782234135
785413363
789423872
790055706
800152545
801938268
809207046
810193201
811141329
81648884
817461979
822707597
829976375
830962530
834729512
837311761
843476926
846022629
847437250
847498650
852140125
863188760
863430181
864246255
866012430
870528878
879866029
884029429
887989619
892284362
896319540
897581721
898901789
900458898
904798758
905230930
906297358
912067536
922848417
923014128
924581932
927602458
928031985
930614234
944176918
946211519
954826949
956962763
962930142
963081882
963152089
96814992
968406541
971547865
972077278
975596278
980741325
98295484
989622013
992204262
996365607
998243741
999787668